# Aztec_1100
# energy
# AzTEC-1.1mm
#         Lambda    Transmission
        8088497.0000            0.000087
        8099084.0000            0.000413
        8109699.0000            0.000583
        8120341.5000            0.000628
        8131012.5000            0.001004
        8141711.0000            0.001207
        8152438.0000            0.000946
        8163193.0000            0.001152
        8173976.5000            0.001454
        8184788.5000            0.001648
        8195629.5000            0.001653
        8206499.0000            0.001063
        8217397.5000            0.000909
        8228325.0000            0.001009
        8239281.0000            0.001326
        8250267.0000            0.001560
        8261282.0000            0.001358
        8272326.5000            0.001429
        8283400.5000            0.001639
        8294504.5000            0.001966
        8305638.0000            0.002267
        8316801.5000            0.001970
        8327995.0000            0.001683
        8339218.5000            0.001949
        8350472.5000            0.001928
        8361757.0000            0.001510
        8373072.0000            0.001589
        8384418.0000            0.001727
        8395794.0000            0.002319
        8407201.0000            0.003828
        8418640.0000            0.004251
        8430109.0000            0.003807
        8441610.0000            0.003574
        8453143.0000            0.003288
        8464706.0000            0.003302
        8476302.0000            0.004093
        8487929.0000            0.004442
        8499588.0000            0.004214
        8511279.0000            0.004356
        8523003.0000            0.003854
        8534759.0000            0.003454
        8546547.0000            0.003395
        8558368.0000            0.003264
        8570222.0000            0.003828
        8582108.0000            0.004164
        8594028.0000            0.004371
        8605981.0000            0.004561
        8617967.0000            0.004216
        8629986.0000            0.003943
        8642039.0000            0.003768
        8654126.0000            0.003801
        8666247.0000            0.003672
        8678402.0000            0.003461
        8690590.0000            0.003301
        8702813.0000            0.003197
        8715071.0000            0.003571
        8727363.0000            0.004152
        8739690.0000            0.004987
        8752051.0000            0.005442
        8764448.0000            0.005552
        8776880.0000            0.005300
        8789347.0000            0.004659
        8801849.0000            0.004460
        8814388.0000            0.004692
        8826962.0000            0.005290
        8839572.0000            0.005794
        8852218.0000            0.006094
        8864900.0000            0.006186
        8877619.0000            0.005678
        8890374.0000            0.005657
        8903166.0000            0.005865
        8915995.0000            0.006196
        8928860.0000            0.007706
        8941763.0000            0.008571
        8954704.0000            0.009560
        8967682.0000            0.010919
        8980697.0000            0.010345
        8993750.0000            0.009955
        9006842.0000            0.009142
        9019971.0000            0.007804
        9033139.0000            0.008221
        9046345.0000            0.008837
        9059590.0000            0.010001
        9072874.0000            0.011517
        9086197.0000            0.012941
        9099559.0000            0.014416
        9112961.0000            0.015473
        9126402.0000            0.015960
        9139882.0000            0.015685
        9153403.0000            0.015333
        9166963.0000            0.015192
        9180564.0000            0.016527
        9194206.0000            0.019173
        9207887.0000            0.023263
        9221610.0000            0.028461
        9235373.0000            0.032484
        9249178.0000            0.035941
        9263024.0000            0.037962
        9276912.0000            0.038022
        9290841.0000            0.037569
        9304812.0000            0.037220
        9318826.0000            0.039623
        9332881.0000            0.046344
        9346979.0000            0.057147
        9361120.0000            0.070779
        9375303.0000            0.082235
        9389530.0000            0.088717
        9403800.0000            0.090181
        9418113.0000            0.086536
        9432470.0000            0.082675
        9446871.0000            0.080946
        9461315.0000            0.081906
        9475804.0000            0.090044
        9490338.0000            0.102819
        9504916.0000            0.115966
        9519539.0000            0.128219
        9534207.0000            0.134453
        9548920.0000            0.136974
        9563679.0000            0.142934
        9578483.0000            0.154644
        9593334.0000            0.177442
        9608230.0000            0.213234
        9623173.0000            0.255970
        9638162.0000            0.305843
        9653199.0000            0.355972
        9668282.0000            0.395127
        9683412.0000            0.429066
        9698590.0000            0.454481
        9713815.0000            0.467035
        9729088.0000            0.476799
        9744410.0000            0.484471
        9759780.0000            0.489398
        9775198.0000            0.501904
        9790665.0000            0.521664
        9806181.0000            0.537767
        9821746.0000            0.551139
        9837361.0000            0.557810
        9853026.0000            0.550294
        9868740.0000            0.539981
        9884505.0000            0.532898
        9900321.0000            0.535067
        9916186.0000            0.555267
        9932103.0000            0.587842
        9948071.0000            0.633261
        9964090.0000            0.681382
        9980162.0000            0.721435
        9996285.0000            0.758577
       10012460.0000            0.785195
       10028688.0000            0.799691
       10044968.0000            0.811789
       10061301.0000            0.816384
       10077688.0000            0.814322
       10094128.0000            0.814423
       10110621.0000            0.819704
       10127169.0000            0.831863
       10143771.0000            0.844895
       10160427.0000            0.855438
       10177139.0000            0.853661
       10193905.0000            0.835425
       10210727.0000            0.816404
       10227604.0000            0.801145
       10244537.0000            0.794575
       10261526.0000            0.803406
       10278572.0000            0.820133
       10295674.0000            0.840373
       10312834.0000            0.858922
       10330050.0000            0.875140
       10347325.0000            0.886531
       10364657.0000            0.890946
       10382048.0000            0.899635
       10399496.0000            0.911851
       10417004.0000            0.926032
       10434570.0000            0.948281
       10452196.0000            0.968720
       10469882.0000            0.979625
       10487628.0000            0.985170
       10505433.0000            0.975219
       10523300.0000            0.949098
       10541227.0000            0.913602
       10559215.0000            0.871307
       10577266.0000            0.839345
       10595377.0000            0.827188
       10613551.0000            0.827788
       10631787.0000            0.836332
       10650086.0000            0.837962
       10668449.0000            0.820814
       10686875.0000            0.795801
       10705364.0000            0.768008
       10723917.0000            0.742073
       10742535.0000            0.732843
       10761218.0000            0.739258
       10779965.0000            0.750682
       10798779.0000            0.767042
       10817658.0000            0.772765
       10836603.0000            0.760263
       10855614.0000            0.745122
       10874693.0000            0.727745
       10893838.0000            0.717223
       10913052.0000            0.722481
       10932333.0000            0.732718
       10951682.0000            0.752696
       10971100.0000            0.781746
       10990586.0000            0.812004
       11010143.0000            0.850251
       11029769.0000            0.889016
       11049465.0000            0.920476
       11069231.0000            0.951066
       11089069.0000            0.976074
       11108977.0000            0.990379
       11128957.0000            1.000000
       11149010.0000            0.996675
       11169134.0000            0.974669
       11189331.0000            0.940126
       11209602.0000            0.896259
       11229946.0000            0.847822
       11250364.0000            0.804078
       11270857.0000            0.770937
       11291424.0000            0.742979
       11312066.0000            0.721277
       11332784.0000            0.703544
       11353578.0000            0.684081
       11374449.0000            0.666735
       11395397.0000            0.650149
       11416421.0000            0.634040
       11437524.0000            0.622438
       11458704.0000            0.611214
       11479963.0000            0.605217
       11501302.0000            0.605501
       11522719.0000            0.606206
       11544217.0000            0.614517
       11565795.0000            0.626708
       11587454.0000            0.635967
       11609194.0000            0.646087
       11631016.0000            0.650620
       11652920.0000            0.648576
       11674906.0000            0.646101
       11696976.0000            0.638313
       11719129.0000            0.629312
       11741367.0000            0.618440
       11763689.0000            0.604150
       11786096.0000            0.596256
       11808588.0000            0.593470
       11831167.0000            0.601672
       11853832.0000            0.619910
       11876584.0000            0.628857
       11899424.0000            0.624678
       11922351.0000            0.607359
       11945367.0000            0.583416
       11968472.0000            0.574950
       11991667.0000            0.593375
       12014952.0000            0.631741
       12038328.0000            0.675627
       12061794.0000            0.706069
       12085352.0000            0.709904
       12109002.0000            0.690456
       12132745.0000            0.661391
       12156582.0000            0.632176
       12180513.0000            0.608724
       12204537.0000            0.588635
       12228657.0000            0.566706
       12252872.0000            0.545281
       12277183.0000            0.517051
       12301591.0000            0.475436
       12326096.0000            0.418290
       12350699.0000            0.345375
       12375401.0000            0.267083
       12400201.0000            0.198648
       12425101.0000            0.145528
       12450101.0000            0.107250
       12475202.0000            0.081375
       12500405.0000            0.060250
       12525709.0000            0.041722
       12551116.0000            0.026985
       12576626.0000            0.014809
       12602241.0000            0.004612
